1.401425178147268358e-01 7.915057915057914506e-02 1.407766990291262066e-01
2.375296912114014357e-03 3.667953667953668256e-02 7.281553398058252663e-03
2.375296912114014357e-03 1.544401544401544438e-02 9.708737864077669061e-03
4.750593824228028714e-03 1.930501930501930547e-03 1.213592233009708719e-02
4.750593824228028714e-03 7.722007722007722189e-03 1.699029126213592172e-02
4.750593824228028714e-03 3.861003861003861094e-03 2.184466019417475799e-02
7.125890736342043071e-03 1.930501930501930547e-03 9.708737864077669061e-03
2.375296912114014357e-03 1.930501930501930547e-03 3.883495145631067624e-02
1.045130641330166282e-01 9.073359073359073268e-02 1.140776699029126262e-01
2.375296912114014357e-03 1.930501930501930547e-03 2.669902912621359078e-02
8.551068883610450644e-02 3.088803088803088875e-02 2.427184466019417265e-03
2.375296912114014183e-02 3.861003861003861094e-03 2.427184466019417265e-03
8.076009501187648987e-02 1.930501930501930547e-03 7.281553398058252663e-03
2.850356294536817228e-02 5.405405405405405705e-02 5.582524271844660491e-02
2.375296912114014357e-03 7.528957528957529177e-02 3.155339805825242705e-02
2.375296912114014357e-03 5.791505791505791208e-03 4.611650485436893238e-02
2.375296912114014357e-03 1.930501930501930547e-03 1.456310679611650533e-02
2.375296912114014357e-03 7.722007722007722189e-03 7.281553398058252663e-03
2.375296912114014357e-03 3.861003861003861094e-03 1.213592233009708719e-02
2.375296912114014357e-03 9.652509652509652302e-03 4.854368932038834530e-03
2.375296912114014357e-03 1.158301158301158242e-02 2.427184466019417265e-03
2.375296912114014357e-03 2.123552123552123472e-02 2.427184466019417265e-03
2.375296912114014357e-03 1.544401544401544438e-02 9.708737864077669061e-03
2.375296912114014357e-03 5.791505791505791208e-03 9.708737864077669061e-03
2.375296912114014357e-03 4.054054054054054279e-02 2.427184466019417265e-03
2.375296912114014357e-03 5.791505791505791208e-03 9.708737864077669061e-03
1.662707838479809963e-02 1.930501930501930547e-03 1.213592233009708719e-02
2.375296912114014357e-03 1.930501930501930547e-03 2.669902912621359078e-02
2.375296912114014357e-03 1.930501930501930547e-03 2.669902912621359078e-02
4.750593824228028714e-03 1.930501930501930547e-03 3.640776699029125985e-02
1.662707838479809963e-02 3.667953667953668256e-02 2.912621359223301065e-02
2.375296912114014357e-03 1.930501930501930547e-03 1.456310679611650533e-02
4.750593824228028714e-03 1.930501930501930547e-03 1.213592233009708719e-02
2.375296912114014357e-03 1.930501930501930547e-03 1.456310679611650533e-02
2.375296912114014357e-03 1.930501930501930547e-03 1.456310679611650533e-02
9.501187648456057427e-03 1.544401544401544438e-02 2.427184466019417265e-03
2.375296912114014357e-03 1.158301158301158242e-02 2.427184466019417265e-03
2.375296912114014357e-03 4.054054054054054279e-02 2.427184466019417265e-03
2.375296912114014357e-03 3.088803088803088875e-02 2.427184466019417265e-03
2.375296912114014357e-03 7.915057915057914506e-02 2.427184466019417265e-03
2.375296912114014357e-03 1.158301158301158242e-02 2.427184466019417265e-03
2.375296912114014357e-03 3.088803088803088875e-02 2.427184466019417265e-03
2.375296912114014357e-03 3.088803088803088875e-02 2.427184466019417265e-03
2.375296912114014357e-03 3.088803088803088875e-02 2.427184466019417265e-03
2.375296912114014357e-03 1.158301158301158242e-02 2.427184466019417265e-03
2.375296912114014357e-03 2.123552123552123472e-02 2.427184466019417265e-03
2.375296912114014357e-03 1.158301158301158242e-02 2.427184466019417265e-03
4.750593824228028714e-03 9.652509652509652302e-03 2.427184466019417265e-03
2.375296912114014357e-03 1.158301158301158242e-02 2.427184466019417265e-03
2.375296912114014357e-03 1.158301158301158242e-02 2.427184466019417265e-03
2.375296912114014357e-03 1.158301158301158242e-02 2.427184466019417265e-03
2.612826603325415706e-02 1.930501930501930547e-03 2.427184466019417265e-03
7.125890736342042897e-02 1.930501930501930547e-03 4.854368932038834530e-03
1.425178147268408614e-02 1.930501930501930547e-03 2.427184466019417265e-03
1.425178147268408614e-02 1.930501930501930547e-03 2.427184466019417265e-03
1.425178147268408614e-02 1.930501930501930547e-03 2.427184466019417265e-03
1.425178147268408614e-02 1.930501930501930547e-03 2.427184466019417265e-03
3.562945368171021449e-02 1.930501930501930547e-03 4.854368932038834530e-03
1.425178147268408614e-02 1.930501930501930547e-03 2.427184466019417265e-03
4.750593824228028714e-03 1.930501930501930547e-03 3.640776699029125985e-02
1.425178147268408614e-02 1.930501930501930547e-03 2.669902912621359078e-02
4.750593824228028714e-03 1.930501930501930547e-03 1.213592233009708719e-02
2.375296912114014357e-03 1.930501930501930547e-03 1.456310679611650533e-02
1.662707838479809963e-02 1.930501930501930547e-03 1.213592233009708719e-02
4.750593824228028714e-03 1.930501930501930547e-03 1.213592233009708719e-02
1.425178147268408614e-02 1.930501930501930547e-03 2.427184466019417265e-03
1.425178147268408614e-02 1.930501930501930547e-03 2.427184466019417265e-03
1.425178147268408614e-02 1.930501930501930547e-03 2.427184466019417265e-03
2.612826603325415706e-02 1.930501930501930547e-03 2.427184466019417265e-03
2.612826603325415706e-02 1.930501930501930547e-03 2.427184466019417265e-03
1.425178147268408614e-02 1.930501930501930547e-03 2.427184466019417265e-03
1.425178147268408614e-02 1.930501930501930547e-03 2.427184466019417265e-03
