2.876911871813547100e-02 1.768033946251768018e-02 1.687956204379562064e-02
3.095411507647487237e-02 9.900990099009901110e-03 1.186131386861313808e-02
2.913328477785870514e-03 2.616690240452616834e-02 2.509124087591240934e-02
2.512745812090313308e-02 1.838755304101838753e-02 2.349452554744525454e-02
6.190823015294974301e-03 3.606789250353607118e-02 2.691605839416058230e-02
3.641660597232338143e-04 2.758132956152758303e-02 2.258211678832116806e-02
2.731245447924253444e-02 2.192362093352192426e-02 1.984489051094890516e-02
2.112163146394755928e-02 3.323903818953324180e-02 2.212591240875912482e-02
8.011653313911144131e-03 2.475247524752475364e-02 2.349452554744525454e-02
1.565914056809905239e-02 1.909476661951909487e-02 1.984489051094890516e-02
1.638747268754552067e-02 3.465346534653465649e-02 1.345802919708029115e-02
7.647487254187909991e-03 1.697312588401697284e-02 2.782846715328467224e-02
9.104151493080844815e-03 3.323903818953324180e-02 2.874087591240875872e-02
1.565914056809905239e-02 4.243281471004243383e-02 2.303832116788321130e-02
3.641660597232337926e-03 3.111739745403111629e-02 2.326642335766423292e-02
2.512745812090313308e-02 1.697312588401697284e-02 2.098540145985401326e-02
4.369992716678805511e-02 1.272984441301273049e-02 8.895985401459853559e-03
4.224326292789511855e-02 1.131541725601131580e-02 2.052919708029197002e-02
2.840495265841223513e-02 2.192362093352192426e-02 1.437043795620437936e-02
2.367079388201019652e-02 2.050919377652050957e-02 1.186131386861313808e-02
2.621995630007283376e-02 2.475247524752475364e-02 1.824817518248175036e-02
3.932993445010925238e-02 1.485148514851485080e-02 1.163321167883211646e-02
5.498907501820830129e-02 1.272984441301273049e-02 5.930656934306569039e-03
3.313911143481427374e-02 1.555869872701555814e-02 1.687956204379562064e-02
2.294246176256372824e-02 1.414427157001414345e-02 1.802007299270072874e-02
2.221412964311725996e-02 1.414427157001414345e-02 1.642335766423357740e-02
2.257829570284049583e-02 2.545968882602546099e-02 2.509124087591240934e-02
2.585579024034959789e-02 3.041018387553040894e-02 1.984489051094890516e-02
1.820830298616168963e-02 2.333804809052333895e-02 1.322992700729926953e-02
1.310997815003641688e-02 1.272984441301273049e-02 2.417883211678832286e-02
8.739985433357610675e-03 2.050919377652050957e-02 3.718065693430656904e-02
2.694828841951930204e-02 3.606789250353607118e-02 8.667883211678831940e-03
3.277494537509104133e-02 1.980198019801980222e-02 1.208941605839416143e-02
6.554989075018208440e-03 2.050919377652050957e-02 2.189781021897810320e-02
8.375819373634376536e-03 2.121640735502121691e-02 3.056569343065693514e-02
2.257829570284049583e-02 1.626591230551626549e-02 1.847627737226277544e-02
9.468317552804078954e-03 1.272984441301273049e-02 2.395072992700729778e-02
2.002913328477785859e-02 9.900990099009901110e-03 2.714416058394160738e-02
3.277494537509104133e-02 1.485148514851485080e-02 1.710766423357664226e-02
6.919155134741441712e-03 9.193776520509193764e-03 2.623175182481751744e-02
2.913328477785870514e-03 7.072135785007071726e-03 2.486313868613138772e-02
3.641660597232337926e-02 1.485148514851485080e-02 1.573905109489051254e-02
2.986161689730517169e-02 9.900990099009901110e-03 1.619525547445255578e-02
2.512745812090313308e-02 2.687411598302687568e-02 1.391423357664233612e-02
8.375819373634376536e-03 2.545968882602546099e-02 1.619525547445255578e-02
1.092498179169701378e-02 2.192362093352192426e-02 3.216240875912408648e-02
2.549162418062636375e-03 8.486562942008486418e-03 3.147810218978102509e-02
2.221412964311725996e-02 2.121640735502121691e-02 1.345802919708029115e-02
1.310997815003641688e-02 1.131541725601131580e-02 2.052919708029197002e-02
1.274581209031318274e-02 7.072135785007071726e-03 1.756386861313868550e-02
